geocommit (1.0)
lat: 49.0076512
long: 8.4207746
hacc: 70.0
src: None
